5194038 4907574 5674626 
3065423 4789910 5615525 
5533198 5603764 4556417 
5533455 5053958 5108162 
4699356 5220152 5668254 
5691752 5698526 5301073 
5579292 5607204 5556629 
5447104 5608304 5666542 
5694424 5617743 5609673 
4731774 5615525 5527747 
5530564 5606683 5300194 
5262159 5274947 4907574 
3027190 5691966 4892051 
5543389 5539887 5539463 
5144756 5557457 3465681 
5611986 5436125 5492035 
5589696 4927178 5574707 
5370448 5668393 5584587 
5209291 5600632 5694424 
5675332 4456686 5598477 
5027670 5601385 5617743 
5622319 4427965 3622522 
5612403 5333815 4777645 
4887356 4669311 5608304 
4669311 5679670 5576156 
5169573 5271097 5396046 
